 -1.19576054e-01 2.47387455e+00
 1.58049152e+00 3.37176155e+00
 -1.45861857e+00 1.51085130e+00
 -7.82686656e-01 1.78459484e+00
 -4.46684657e+00 7.36379953e-02
 -1.52891737e+00 1.80539014e+00
 -5.30433684e-01 2.08236025e+00
 7.98533346e-01 2.92744713e+00
 2.59872640e-01 2.92654865e+00
 -4.12063661e-01 2.59707994e+00
 1.54803572e+00 3.42586138e+00
 1.86444315e+00 3.33902809e+00
 7.70349573e-01 2.90316154e+00
 -2.29533266e+00 1.14105564e+00
 -1.80069061e+00 1.35448889e+00
 -1.46200151e+00 1.54877429e+00
 -1.59474550e-02 2.34125615e+00
 -1.49979524e+00 1.87808977e+00
 -2.46810794e+00 1.22894384e+00
 -6.50775526e-01 2.08513136e+00
 -6.40879122e-01 2.02141579e+00
 -4.04478864e+00 3.46460769e-01
 -1.29253334e+00 1.86550549e+00
 1.37266835e+00 3.42609025e+00
 1.65353903e-02 2.74428663e+00
 -1.86092035e-01 2.60179819e+00
 1.13058536e-02 2.24195254e+00
 -5.96300054e-01 2.17317262e+00
 2.84780579e+00 4.06730639e+00
 -9.33771151e-01 1.90651133e+00
 2.79351742e-01 2.83339211e+00
 3.64124559e-01 2.56725060e+00
 5.11320434e-01 2.91722865e+00
 5.34613805e-01 2.65141880e+00
 -3.10968008e-01 2.20809157e+00
 2.25757112e+00 3.74411417e+00
 2.35007880e-01 2.61679765e+00
 1.52791180e+00 3.01006681e+00
 -1.24342699e+00 1.66050384e+00
 4.01537849e-01 2.66736672e+00
 -6.08337151e-01 2.23612714e+00
 -1.00006700e-01 2.35207899e+00
 3.54313957e-01 2.74599431e+00
 -1.29849012e+00 2.19528091e+00
 -2.00684054e+00 1.47218204e+00
 2.28877841e+00 3.77696760e+00
 -5.60932819e-01 2.18311226e+00
 1.28379479e+00 3.42764377e+00
 5.70028651e-01 2.84014633e+00
 -5.09576661e-01 2.09076944e+00
 -2.73578056e+00 8.15036842e-01
 -5.40894496e-01 2.17093154e+00
 3.52610256e+00 4.37238789e+00
 -4.17781223e+00 2.66247520e-01
 -3.85028161e-02 2.29549618e+00
 4.72513777e-01 2.99707183e+00
 -1.04717862e+00 1.69141086e+00
 -2.69147893e+00 9.48375036e-01
 -1.95131624e-02 2.65926861e+00
 -2.28219789e+00 8.52415156e-01
 -6.08469119e-01 2.14102823e+00
 1.87735076e+00 3.38497560e+00
 4.60314922e-01 3.06508528e+00
 8.92760267e-02 2.68022092e+00
 -1.41384581e+00 1.47759560e+00
 -1.09743741e+00 1.77856298e+00
 6.41863255e-01 2.45682356e+00
 -1.15792259e-01 2.38076025e+00
 1.25690057e-02 2.69205202e+00
 -1.09046260e-01 2.60531323e+00
 5.09055788e-01 2.54891678e+00
 -1.20816427e+00 2.09561057e+00
 -2.01283172e+00 1.23504815e+00
 4.99348037e-01 2.95645243e+00
 -1.43790166e+00 1.79795256e+00
 2.69169842e+00 4.11938473e+00
 -1.80714367e+00 1.48707511e+00
 -3.69741664e-01 2.27933301e+00
 1.41198719e+00 3.71627869e+00
 -1.46398115e+00 1.51516275e+00
 2.22280361e+00 3.76263015e+00
 6.16401057e-01 2.95072204e+00
 -9.90175333e-01 2.09112724e+00
 -1.86806964e-02 2.52108638e+00
 -2.69308967e+00 8.16596270e-01
 1.10324952e+00 3.31684478e+00
 -1.57043860e-03 2.24024091e+00
 1.81170591e+00 3.69033564e+00
 3.16567325e+00 4.51123358e+00
 -8.00427191e-01 2.06374896e+00
 1.13894672e+00 3.21859643e+00
 2.88341974e+00 4.07674805e+00
 -3.94909087e-01 2.80962581e+00
 -1.68424039e+00 1.66985170e+00
 7.65003573e-01 3.02552020e+00
 -3.85877013e+00 3.60983607e-01
 2.73679567e-01 2.63520966e+00
 -1.40058953e+00 1.67669937e+00
 -4.08920237e-01 2.43971207e+00
 -3.20585162e+00 9.44249811e-01
 -2.00972656e+00 -1.32198049e+00
 -1.27114760e+00 -6.23403790e-01
 -1.76649091e-01 -2.30071903e-01
 -2.79015418e-01 -2.14848019e-01
 6.57340412e-01 1.27364938e-01
 -5.00516569e-01 -6.71891009e-01
 -2.04011951e+00 -1.74927581e+00
 2.47318623e-01 7.23221342e-02
 -3.50203626e+00 -1.98243758e+00
 2.70646498e-01 3.33899120e-01
 -2.14547785e+00 -9.66107570e-01
 4.47631091e+00 2.27426490e+00
 -2.07300874e+00 -1.38939479e+00
 2.71194653e-01 5.02953751e-01
 -1.79847097e+00 -1.08798076e+00
 6.47214091e-01 4.75166907e-01
 1.28138697e+00 4.18137802e-01
 7.28372045e-01 3.85119827e-01
 1.71779330e+00 1.27199648e+00
 1.74429048e+00 1.39447022e+00
 2.53102305e+00 1.43866903e+00
 6.11047277e-01 3.06658248e-01
 2.45057748e-01 -1.25592057e-01
 1.07898397e+00 6.83225733e-01
 2.69419068e+00 1.28392690e+00
 2.10529161e+00 1.49634544e+00
 8.50242611e-02 -2.74908648e-01
 -1.49331864e+00 -7.87947821e-01
 4.42141655e+00 2.32530135e+00
 -1.70564889e+00 -1.03629831e+00
 -1.15654832e+00 -7.15810607e-01
 1.43237352e-01 1.26152452e-01
 -8.99689724e-01 -2.25511184e-01
 -4.62869228e-01 -2.99083747e-01
 2.36416748e+00 1.20347280e+00
 2.17042147e+00 1.35038527e+00
 -1.90064555e+00 -9.36200528e-01
 -1.98794876e+00 -1.08339499e+00
 -1.80833250e+00 -1.05651707e+00
 -3.07672399e+00 -1.73065076e+00
 4.92146659e-03 4.71682212e-02
 1.98328872e+00 1.08501274e+00
 2.10969480e-01 3.02712584e-01
 1.27607646e+00 1.09027140e+00
 -6.09697002e-01 -2.66779171e-01
 -9.43788677e-01 -7.18688291e-01
 -1.67988368e+00 -1.28820098e+00
 9.76274347e-01 7.39702218e-01
 -1.70857546e+00 -1.00746919e+00
 -5.19635052e-01 -2.44321167e-01
 -1.89024021e+00 -1.24040739e+00
 -2.16735478e+00 -1.65591967e+00
 4.51254693e-01 3.83060748e-01
 -2.78165235e+00 -1.56275878e+00
 3.69040559e-01 2.82959104e-01
 -1.12212020e+00 -1.05018933e+00
 2.24333930e+00 1.15000124e+00
 1.76953716e+00 9.81891994e-01
 3.44826186e-01 1.51654034e-01
 1.61910606e+00 4.82684151e-01
 -1.09549164e+00 -7.10199559e-01
 6.80922498e-01 3.58854404e-01
 1.86101772e+00 1.26029268e+00
 -5.40481313e-01 -5.75658081e-01
 -8.85092276e-01 -7.20461951e-01
 6.95338741e-01 3.27733362e-01
 1.21935784e+00 4.32431995e-01
 1.65782996e+00 6.92798745e-01
 4.93648823e-01 8.06175805e-01
 -1.87240335e+00 -1.28569032e+00
 8.11819997e-01 4.48963626e-01
 1.19416348e+00 4.31512705e-01
 1.51216775e-01 1.67931614e-01
 -2.71386620e+00 -1.43353862e+00
 -1.01364577e+00 -5.75083956e-01
 1.85582956e+00 1.08044246e+00
 -1.97577275e+00 -8.79862686e-01
 -1.10509262e+00 -3.45828954e-01
 -1.60207683e+00 -1.03659025e+00
 -3.60007360e-01 -2.85215303e-01
 1.87562249e-01 -7.54659644e-02
 -2.18749372e-01 -2.64440495e-01
 -4.90521487e-01 -6.28693504e-01
 -3.47143352e-02 -4.19468010e-01
 2.83105966e-01 1.83225872e-02
 1.35268836e+00 7.71007076e-01
 7.65450681e-01 3.06071520e-01
 -2.55516041e-01 1.84136853e-02
 2.49272942e+00 1.44771717e+00
 -1.34332588e+00 -7.16663521e-01
 -1.15328800e+00 -6.78676945e-01
 1.93049684e+00 9.96678247e-01
 -2.09826073e+00 -1.00865358e+00
 -5.71881541e-01 -1.20293931e-01
 7.63718611e-01 9.28361370e-01
 3.22045846e+00 1.88451572e+00
 -1.03261932e+00 -6.53691477e-01
 -1.00517779e+00 -6.68262669e-01
 1.00452854e-01 2.79862479e-01
 0.00000000e+00 -5.00000000e-01
