 -1.96700647e-01 -3.29043548e-02
 3.08526254e-02 -2.63808868e-02
 -1.07315006e-01 -1.18345370e-01
 -1.47629020e-01 -7.69671883e-02
 -8.46382565e-02 -8.63976155e-02
 -8.47927485e-02 -1.53426056e-01
 1.18555740e-01 7.08900533e-02
 -2.46679662e-02 -1.86992633e-01
 4.81973555e-02 6.29383575e-02
 -6.25326446e-02 5.90624314e-04
 -8.84163311e-02 -7.22146260e-02
 -3.85971520e-02 7.06267411e-02
 1.26304425e-01 1.30498082e-01
 1.79254572e-01 -5.72733151e-02
 -4.27875856e-02 -5.68505442e-03
 6.72997303e-02 9.55519454e-02
 2.61757969e-02 -5.05106573e-02
 -4.73079263e-02 -8.83312383e-02
 1.07261220e-01 7.14058194e-02
 4.63343752e-02 -2.29325654e-02
 7.87878921e-02 2.91305324e-02
 -1.26948804e-01 1.27485470e-01
 -1.49459906e-02 1.66402104e-01
 -1.15360280e-03 6.53470055e-02
 1.88124461e-01 6.17066587e-02
 -9.38946503e-02 -7.36510205e-02
 -1.33180375e-01 1.27549865e-02
 2.18647609e-02 2.66810538e-01
 -1.22945013e-01 -1.92044326e-01
 3.57756655e-02 6.31129651e-02
 1.73545997e-01 1.96417363e-02
 1.43397326e-02 -6.09420039e-03
 1.72098378e-01 -5.28452629e-02
 -1.56339533e-01 -2.21172283e-02
 5.90640651e-02 5.23880044e-03
 -4.96148094e-02 -9.87325292e-02
 -1.05125175e-01 -2.08409172e-02
 -2.11656511e-02 1.54532033e-01
 1.10680015e-02 2.83752402e-02
 -1.55747793e-02 8.07355402e-03
 2.54997410e-02 -5.75262960e-03
 -2.13769448e-02 9.92192860e-02
 -3.20659026e-02 -3.66046396e-02
 1.44010572e-01 3.01482875e-02
 4.44238125e-03 2.31339440e-02
 -1.79204145e-01 9.06930614e-02
 2.11631155e-02 -1.03046038e-01
 7.79499429e-02 1.47359440e-01
 -1.36221842e-02 6.59947211e-02
 6.61559956e-02 1.47043121e-01
 1.17036054e+00 1.10457462e+00
 1.03762816e+00 1.08237755e+00
 9.44495207e-01 8.65432340e-01
 1.03023073e+00 1.06132028e+00
 9.84852955e-01 1.11927776e+00
 9.73437590e-01 1.00113811e+00
 1.12464294e+00 1.02667266e+00
 8.67917370e-01 9.84095335e-01
 1.00545841e+00 9.43478880e-01
 1.03017010e+00 1.07189276e+00
 9.38116899e-01 8.65694563e-01
 1.06074166e+00 8.60873672e-01
 1.07070493e+00 8.86755021e-01
 9.39707442e-01 9.67239007e-01
 8.70696360e-01 8.53741173e-01
 1.12657872e+00 9.76770766e-01
 1.00715515e+00 1.12192784e+00
 1.08626349e+00 1.10048263e+00
 1.21791096e+00 8.03454466e-01
 1.03078374e+00 1.21504277e+00
 1.14069100e+00 8.14228916e-01
 1.07227431e+00 9.00016530e-01
 9.14481729e-01 1.04998085e+00
 9.75782030e-01 8.40124881e-01
 9.62436366e-01 1.05768059e+00
 1.03609093e+00 1.14503332e+00
 1.00228981e+00 1.05471035e+00
 1.00271709e+00 9.56860967e-01
 9.74522784e-01 8.16368264e-01
 1.03175977e+00 1.15088889e+00
 9.12297796e-01 9.74556061e-01
 1.10273786e+00 1.13489482e+00
 1.02698436e+00 1.04583447e+00
 8.02933349e-01 1.03837204e+00
 1.03173584e+00 1.06450874e+00
 8.50668985e-01 9.17270477e-01
 1.09311527e+00 8.48988829e-01
 1.22458859e+00 9.86756261e-01
 8.84847702e-01 1.01671517e+00
 9.70818579e-01 1.12067837e+00
 1.11006595e+00 1.02873522e+00
 1.10543474e+00 9.88079971e-01
 1.05189465e+00 8.77570292e-01
 1.09923781e+00 9.33178312e-01
 1.04619008e+00 1.04938031e+00
 1.05979220e+00 9.09991505e-01
 1.10263040e+00 9.74798908e-01
 9.66663630e-01 1.04542490e+00
 1.11728437e+00 9.94016986e-01
 8.64703162e-01 1.01423152e+00
 1.98743307e+00 2.02642802e+00
 1.89820482e+00 1.97794370e+00
 2.13805596e+00 2.10617256e+00
 2.09762220e+00 1.97275620e+00
 2.03855441e+00 1.89281722e+00
 1.94605267e+00 2.02045980e+00
 2.16945319e+00 1.84553578e+00
 2.06429097e+00 2.02806785e+00
 1.92980734e+00 2.04737757e+00
 1.97301031e+00 2.04903025e+00
 1.98826210e+00 2.06145453e+00
 1.92202509e+00 2.21891300e+00
 1.97083788e+00 2.11291673e+00
 1.96811593e+00 1.97767207e+00
 1.97531892e+00 1.90470934e+00
 2.10407553e+00 2.05326401e+00
 1.86569125e+00 1.98210960e+00
 2.12625171e+00 2.17282086e+00
 1.96024426e+00 2.03598640e+00
 2.11758482e+00 1.89782358e+00
 1.87397812e+00 2.01024539e+00
 1.97053728e+00 2.01458040e+00
 2.03316365e+00 2.05681769e+00
 1.85502833e+00 1.92638996e+00
 1.97139139e+00 2.01365286e+00
 1.98180986e+00 2.08269979e+00
 2.07443221e+00 1.97810428e+00
 1.90849673e+00 1.92733357e+00
 2.23558947e+00 2.00753252e+00
 1.97847113e+00 1.99202641e+00
 2.11087953e+00 2.12049851e+00
 2.00817447e+00 2.04592420e+00
 2.00764062e+00 1.94211763e+00
 1.99836393e+00 2.02641655e+00
 1.97020874e+00 1.92583545e+00
 2.09140659e+00 1.96009475e+00
 2.11386907e+00 1.88075207e+00
 2.00974393e+00 1.89187147e+00
 1.95204730e+00 1.89338204e+00
 2.10699845e+00 1.98248631e+00
 2.05186536e+00 1.96351665e+00
 1.97751922e+00 1.67241408e+00
 2.06880689e+00 2.09378400e+00
 1.95681747e+00 1.91510725e+00
 2.19751449e+00 1.97138199e+00
 2.22057702e+00 2.24470049e+00
 1.81784912e+00 2.09007563e+00
 2.02453521e+00 2.10883143e+00
 1.92972295e+00 2.12356842e+00
 2.06622568e+00 1.86878632e+00
