 -1.23129036e-02 1.06687543e-01
 -7.28704202e-03 -1.43196107e-04
 -5.84503892e-02 -4.47615636e-03
 -1.10055476e-03 -1.27490945e-02
 3.09138864e-02 -4.37106067e-02
 9.32932486e-02 2.11463970e-02
 4.09373984e-03 -6.66996410e-03
 8.03997264e-02 2.69789242e-02
 -1.90333129e-02 4.37585486e-02
 -6.49794062e-02 -6.25387848e-02
 -3.61979128e-02 4.34155266e-02
 -2.82491768e-02 -4.02403073e-02
 3.10832057e-02 -3.76346614e-02
 -6.67735589e-02 -3.72906183e-02
 -6.15540218e-03 -1.54826857e-02
 -5.51407440e-02 -7.60945538e-02
 -1.37658798e-01 4.13265502e-02
 1.26008432e-02 -3.06493641e-02
 -4.29074079e-02 4.79864156e-02
 5.67681719e-02 9.86493755e-02
 -1.48953817e-02 1.47478928e-02
 5.77165357e-02 -1.96325729e-02
 5.23037801e-02 2.87963289e-02
 1.06343710e-01 -5.70709640e-02
 -3.27886784e-02 3.05344357e-03
 -5.71184057e-02 6.15884362e-04
 4.74519419e-02 -8.40589382e-03
 -2.02304140e-02 -3.43674419e-02
 -1.92164574e-02 -4.95325022e-02
 2.41010140e-02 -2.48808615e-03
 2.21887156e-02 3.59650291e-02
 1.90550090e-02 -1.41531705e-02
 5.51174203e-02 -7.12483083e-02
 4.28223433e-02 2.30774397e-02
 -5.89254411e-02 5.45741958e-02
 2.00984800e-02 -5.22147480e-02
 -2.92113826e-02 -1.42139204e-01
 -4.89743078e-02 4.98412075e-02
 5.75531068e-03 3.82670876e-03
 3.42354608e-03 -9.33368393e-02
 -2.64950204e-02 -3.06806995e-02
 2.70555890e-02 5.84676759e-02
 3.40859990e-02 -2.87506522e-02
 2.69282250e-02 -1.32397457e-02
 -2.55017721e-02 2.36110944e-04
 -6.61055370e-02 -1.97050906e-03
 -3.05329480e-02 -2.52696257e-02
 -2.82654539e-02 -5.78916060e-02
 4.30874927e-03 3.55213658e-02
 3.45750686e-02 3.64086012e-02
 8.66883910e-02 -6.44348522e-02
 2.43156933e-01 -9.05540301e-02
 1.10203643e-02 7.16679388e-02
 2.64490528e-03 -7.33639291e-04
 9.70323828e-02 -2.81479932e-01
 -5.25973123e-04 -1.49545640e-02
 1.40954180e-01 5.77494569e-02
 1.75785059e-01 7.53116587e-02
 8.85011497e-02 -1.66984920e-02
 1.14086198e-01 -5.81815986e-02
 4.03216149e-02 3.65757716e-02
 1.91008604e-02 -5.48919436e-02
 -6.93626614e-02 5.78736728e-02
 1.10362035e-03 -1.95579908e-01
 -1.10558637e-01 5.22006197e-02
 1.90797340e-01 1.60113547e-01
 -1.65411579e-02 7.32559265e-02
 -7.32429704e-02 5.55747222e-02
 -9.90740692e-02 -8.13346031e-02
 8.94305276e-02 -5.38974529e-02
 4.48226693e-02 1.30787646e-01
 8.89218718e-02 -4.82578538e-02
 1.07333681e-01 -1.75244698e-01
 -1.04734444e-02 -9.26569750e-02
 1.54731896e-01 9.22439521e-02
 1.69834046e-02 4.10013519e-03
 8.04048249e-02 4.13647338e-02
 -1.72402939e-01 5.97244047e-02
 1.74133010e-02 1.92427005e-01
 -4.84084739e-02 7.14118877e-02
 -7.31627248e-02 -2.31233715e-01
 -2.13190462e-01 1.38071545e-01
 -1.81036586e-01 1.39070297e-01
 -5.23383120e-03 -4.53903885e-02
 -8.62123915e-03 -6.28304722e-02
 -1.18973755e-01 1.02322484e-01
 -7.54141204e-02 -4.89110670e-02
 9.47277991e-02 -4.02404885e-02
 -1.82627943e-02 1.39968264e-01
 -6.62677223e-03 2.80561124e-02
 9.05017777e-02 1.88087231e-01
 1.45821597e-01 -7.99673320e-02
 -1.11798404e-01 -5.60698771e-02
 1.81329499e-01 1.70887451e-01
 1.50753144e-02 -6.44810038e-02
 -2.82993736e-02 -1.42249562e-01
 1.65012227e-01 -7.55936830e-02
 6.66378284e-02 1.57519860e-02
 -3.46361644e-02 3.78346199e-02
 -2.64041845e-02 1.78664814e-02
 -1.80832428e-01 -1.06736137e-01
 -2.98021839e-01 -9.83047562e-02
 3.56684539e-01 2.49257092e-02
 7.16402781e-01 1.30015403e-01
 6.79656859e-01 -3.66904365e-01
 6.90321922e-01 -8.20781332e-01
 -8.10228901e-02 -1.60508427e-01
 1.50851017e-01 6.62701388e-01
 -3.57572678e-02 -1.81720186e-01
 -5.66726655e-04 4.30546626e-01
 -1.29794694e-01 3.58438153e-01
 -5.84466587e-02 2.22943429e-01
 2.95605274e-01 -3.64199275e-02
 1.40578946e-01 -9.34799350e-03
 -4.09470355e-01 -3.00908486e-01
 8.21066748e-02 -3.11416059e-01
 7.94004943e-01 1.88575189e-01
 -1.61261288e-02 2.60342453e-01
 1.41753410e-01 6.21525408e-01
 -6.24010223e-01 -1.78322865e-01
 -2.40748201e-01 1.75885342e-01
 -1.37037959e-01 4.57678706e-01
 5.81570891e-02 6.42946458e-01
 2.66857631e-01 -2.23812593e-01
 -4.77500803e-01 -4.59446708e-01
 -9.65928320e-02 -6.39670208e-02
 -2.11139269e-01 1.47757354e-01
 -2.23285952e-01 -9.69834959e-02
 1.11386166e-01 2.46668948e-01
 4.31182705e-01 -4.24288084e-01
 1.37973985e-01 3.43111643e-01
 1.98221453e-01 2.93706609e-01
 3.37310354e-01 1.47770915e-01
 2.93823536e-01 3.77355808e-01
 -3.94929295e-01 1.78229617e-01
 -6.96342037e-03 1.36349869e-01
 4.03640134e-02 -4.25354761e-01
 7.22437557e-01 -2.75971208e-01
 2.70511370e-01 -4.34443032e-01
 2.28555443e-02 -4.44375796e-01
 1.08522799e-01 2.91890369e-02
 -6.17600733e-01 -6.78776557e-02
 -6.99609751e-01 -9.51659680e-02
 -1.11271433e-01 1.90208587e-01
 3.85705150e-01 1.16856775e-02
 1.67113705e-01 -4.92851166e-03
 -5.40686744e-02 1.34855582e-01
 -1.07026987e-02 -1.56694507e-01
 5.80323143e-01 -3.16529250e-01
 3.91672203e-01 -1.43489825e-02
 -2.49514937e-01 1.75383087e-01
 8.13739026e-01 -3.97879664e-01
 -1.19498728e-01 -3.11120803e-01
 -4.80836524e-01 7.14941017e-01
 -7.63591743e-02 -1.04245273e+00
 8.41516720e-01 1.68477063e-02
 7.77574273e-01 -7.83601500e-03
 -5.25112755e-01 -2.77149009e-01
 4.83710247e-02 -5.81798822e-01
 1.25813534e-01 5.00159951e-02
 1.12360734e+00 2.39129725e-01
 1.55230028e-01 8.87334675e-01
 9.95791289e-01 -2.35274623e-01
 -5.96311780e-02 -4.62637737e-01
 -1.36364193e-01 7.73302762e-04
 7.22227443e-01 3.18649641e-01
 -3.72066445e-02 -7.84474137e-01
 -1.81256729e-01 3.50090606e-01
 -3.88515881e-01 4.86877317e-01
 -1.25056280e-01 -3.52383573e-02
 -2.09341307e-01 -1.68402457e-02
 7.07440049e-01 1.51234094e-01
 -4.23695425e-01 -3.28312426e-01
 8.30651927e-02 -2.61041466e-02
 -2.40950814e-02 3.86585963e-01
 -1.48861207e+00 -1.59926092e-01
 5.03499511e-01 -5.60294671e-01
 4.42184732e-01 7.30311728e-01
 -2.02931266e-01 2.04531185e-01
 -1.30958556e+00 5.66292638e-01
 -4.84294695e-01 2.85013532e-01
 2.77661719e-01 -4.58858866e-01
 3.79727132e-01 8.50480083e-01
 -2.86023928e-01 -1.23998626e-02
 5.79024565e-01 -3.84882808e-01
 -1.54000199e-01 -4.18763199e-01
 1.58544274e-03 -4.58799450e-02
 -7.03030641e-01 3.15066057e-01
 8.12047192e-01 1.92270641e-01
 6.98101935e-02 -3.04955801e-01
 -9.08321730e-01 -2.06838347e-01
 -1.39457548e+00 5.59044474e-01
 1.31207306e-01 -3.50165768e-01
 5.96110438e-02 -1.75034379e-01
 1.66153501e-01 9.08391376e-01
 -2.23273320e-01 -8.20052089e-01
 2.62064019e-03 1.38531209e-01
 -1.03034503e-01 -3.37258557e-01
 2.47723030e-02 1.01948019e-01
 4.62978417e-01 6.53690160e-01
 1.04620937e+00 9.28079425e-01
 1.12884673e+00 9.78006929e-01
 9.04389711e-01 1.05750125e+00
 1.11957324e+00 1.01701461e+00
 9.59442739e-01 9.50422232e-01
 9.39662167e-01 1.12026867e+00
 1.18336132e+00 9.88794183e-01
 9.03473278e-01 1.05628169e+00
 9.60304101e-01 9.96934191e-01
 1.00898317e+00 8.67715008e-01
 1.02639604e+00 8.91700744e-01
 1.02921673e+00 1.01575151e+00
 1.07817538e+00 8.53360415e-01
 1.04040112e+00 1.06735522e+00
 9.67457176e-01 1.03625298e+00
 9.62613896e-01 1.06065355e+00
 9.70572634e-01 1.00741937e+00
 8.28210543e-01 1.10805163e+00
 9.94606635e-01 9.33758132e-01
 1.02178604e+00 1.04753984e+00
 1.21732321e+00 1.12442811e+00
 1.05724168e+00 1.00296422e+00
 1.08150148e+00 1.06916996e+00
 8.92114854e-01 9.31439892e-01
 9.42010302e-01 9.95686790e-01
 8.12428424e-01 8.45234969e-01
 1.09174901e+00 8.92818921e-01
 9.45306136e-01 9.77890579e-01
 9.39489468e-01 8.32423387e-01
 1.00252661e+00 8.30186135e-01
 1.02614906e+00 9.89147748e-01
 1.07434882e+00 9.69923013e-01
 9.83799509e-01 8.63168342e-01
 1.04357063e+00 1.07377401e+00
 1.08612675e+00 9.59567894e-01
 1.00640754e+00 1.08567805e+00
 8.27274098e-01 1.33437102e+00
 1.07160416e+00 1.06264509e+00
 1.00366316e+00 1.12796046e+00
 9.81512606e-01 9.25876305e-01
 9.18525646e-01 1.10341131e+00
 1.09899702e+00 9.38177598e-01
 8.21830807e-01 1.04237627e+00
 9.95596959e-01 1.08948942e+00
 1.08902058e+00 9.76252456e-01
 9.54386475e-01 9.87206403e-01
 8.09629583e-01 1.10194755e+00
 9.60789316e-01 1.17484324e+00
 8.89299672e-01 1.09874593e+00
 1.17574824e+00 9.57992214e-01
 8.99899201e-01 9.77536816e-01
 7.42671460e-01 1.23600810e+00
 7.68524470e-01 9.58880131e-01
 1.43930223e+00 1.19094020e+00
 1.32755213e+00 1.47341887e+00
 9.34958483e-01 9.90731690e-01
 1.42597831e+00 1.09489734e+00
 1.18805551e+00 1.59543064e+00
 1.66645513e+00 8.06488727e-01
 6.12281278e-01 1.09398297e+00
 1.35109642e+00 1.47771092e+00
 6.46342067e-01 7.08045141e-01
 8.29631490e-01 6.55677757e-01
 1.35319025e+00 5.54650057e-01
 1.06771324e+00 7.10173633e-01
 1.22728224e+00 9.88103105e-01
 7.45488777e-01 3.63415114e-01
 1.55785579e+00 4.49073681e-01
 9.89212945e-01 5.37395934e-01
 1.77745391e+00 9.29381295e-01
 7.92620828e-01 1.35982626e+00
 5.27039939e-01 9.90048409e-01
 8.16961216e-01 8.37590349e-01
 1.11300861e+00 9.79775621e-01
 1.38184542e+00 1.67680303e+00
 8.22471021e-01 1.06370957e+00
 1.67488008e+00 1.05652242e+00
 9.95102708e-01 1.08542176e+00
 1.22072634e+00 5.41128378e-01
 8.07743665e-01 2.88928853e-01
 1.43330277e+00 3.90378677e-01
 6.52296688e-01 1.36607484e+00
 1.20589322e+00 8.90564439e-01
 1.21912092e+00 8.10171375e-01
 1.15435178e+00 9.33233776e-01
 1.50874655e+00 1.05417405e+00
 7.97101075e-01 1.26913342e+00
 2.02382658e+00 6.30853475e-01
 8.81576592e-01 1.03761179e+00
 1.36176146e+00 1.24221600e+00
 1.09234077e+00 6.80396233e-01
 8.54070766e-01 3.97265439e-01
 9.00691084e-01 1.07294956e+00
 1.23300652e+00 1.04483935e+00
 9.00194703e-01 1.78233638e+00
 1.62890354e+00 9.84033531e-01
 1.11663605e+00 9.95590031e-01
 8.04245024e-01 8.44981388e-01
 9.82971064e-01 1.36219518e+00
 1.12676045e+00 1.03323651e+00
